15
6
0
resources/sprites/player/right2.png
10
---------------------------------
3
Pikachu
18
200
1900
14
6
1
1
---------------------------------
4
Raikou
6
400
400
-1
-1
1
1
---------------------------------
3
Pikachu
5
400
400
-1
-1
1
1
---------------------------------
2
Entei
9
200
1000
-1
-1
1
1
---------------------------------
2
Entei
4
100
700
-1
-1
1
1
---------------------------------
2
Entei
4
100
700
-1
-1
1
1
---------------------------------
5
Diglet
15
300
300
-1
-1
1
1
---------------------------------
5
Diglet
12
200
1300
-1
-1
1
1
---------------------------------
6
Groudon
5
300
300
-1
-1
1
1
---------------------------------
6
Groudon
3
200
400
-1
-1
1
1
20
---------------------------------
1
Charmander
19
100
1900
3
1
1
1
1084
---------------------------------
2
Entei
20
100
2000
8
2
1
1
1031
---------------------------------
13
Swampert
20
1900
1900
8
18
1
1
1075
---------------------------------
1
Charmander
20
1600
1600
2
2
1
1
1071
---------------------------------
3
Pikachu
20
1500
1500
16
14
1
1
1034
---------------------------------
13
Swampert
18
1100
1100
7
16
1
1
1086
---------------------------------
6
Groudon
20
1100
1100
17
1
1
1
1067
---------------------------------
11
Articuno
20
1000
1000
5
9
1
1
1088
---------------------------------
10
Glaceon
20
1200
1200
3
9
1
1
938
---------------------------------
7
Rotom
18
1100
1100
12
12
1
1
941
---------------------------------
5
Diglet
20
700
700
15
1
1
1
1066
---------------------------------
13
Swampert
19
700
700
1
18
1
1
1036
---------------------------------
3
Pikachu
20
600
600
12
11
1
1
958
---------------------------------
10
Glaceon
21
500
500
2
9
1
1
1049
---------------------------------
11
Articuno
18
500
500
4
12
1
1
980
---------------------------------
11
Articuno
18
400
400
10
13
1
1
991
---------------------------------
10
Glaceon
19
400
400
8
13
1
1
1072
---------------------------------
1
Charmander
20
200
200
8
7
1
1
979
---------------------------------
10
Glaceon
20
100
100
3
10
1
1
943
---------------------------------
11
Articuno
19
100
100
8
10
1
1
959
